20
2 3 0 0 0 0 0 0 0 0 0 0 0 0 0 0 0 0 0 0
3 4 5 0 0 0 0 0 0 0 0 0 0 0 0 0 0 0 0 0
0 5 6 7 0 0 0 0 0 0 0 0 0 0 0 0 0 0 0 0
0 0 7 8 9 0 0 0 0 0 0 0 0 0 0 0 0 0 0 0
0 0 0 9 10 11 0 0 0 0 0 0 0 0 0 0 0 0 0 0
0 0 0 0 11 12 13 0 0 0 0 0 0 0 0 0 0 0 0 0
0 0 0 0 0 13 14 15 0 0 0 0 0 0 0 0 0 0 0 0
0 0 0 0 0 0 15 16 17 0 0 0 0 0 0 0 0 0 0 0
0 0 0 0 0 0 0 17 18 19 0 0 0 0 0 0 0 0 0 0
0 0 0 0 0 0 0 0 19 20 21 0 0 0 0 0 0 0 0 0
0 0 0 0 0 0 0 0 0 21 22 23 0 0 0 0 0 0 0 0
0 0 0 0 0 0 0 0 0 0 23 24 25 0 0 0 0 0 0 0
0 0 0 0 0 0 0 0 0 0 0 25 26 27 0 0 0 0 0 0
0 0 0 0 0 0 0 0 0 0 0 0 27 28 29 0 0 0 0 0
0 0 0 0 0 0 0 0 0 0 0 0 0 29 30 31 0 0 0 0
0 0 0 0 0 0 0 0 0 0 0 0 0 0 31 32 33 0 0 0
0 0 0 0 0 0 0 0 0 0 0 0 0 0 0 33 34 35 0 0
0 0 0 0 0 0 0 0 0 0 0 0 0 0 0 0 35 36 37 0
0 0 0 0 0 0 0 0 0 0 0 0 0 0 0 0 0 37 38 39
0 0 0 0 0 0 0 0 0 0 0 0 0 0 0 0 0 0 39 40
5 12 18 24 30 36 42 48 54 60 66 72 78 84 90 96 102 108 114 79
1.0000000000000226 0.9999999999999836 0.9999999999999996 1.0000000000000124 0.9999999999999889 1.0 1.0000000000000093 0.9999999999999916 1.0 1.0000000000000075 0.9999999999999929 1.0 1.0000000000000067 0.9999999999999933 1.0 1.0000000000000062 0.9999999999999938 1.0 1.000000000000006 0.9999999999999942
2.2648549702353193e-14
2229.303761455904