50
51 28 29 9 81 25 12 26 77 97 49 75 97 44 43 53 65 71 82 100 77 30 20 4 87 84 49 56 71 8 16 4 67 61 89 40 75 67 76 22 53 17 45 33 92 7 38 37 10 70
24 5 55 14 25 68 6 86 6 96 35 37 33 83 30 34 90 89 88 88 90 88 81 60 93 15 6 1 78 94 18 11 28 62 21 85 57 62 42 30 48 8 18 89 53 4 65 61 19 94
47 90 79 50 26 61 43 53 59 18 32 37 21 35 69 68 35 44 87 32 81 79 68 85 42 23 42 18 75 9 77 61 74 58 9 63 42 1 6 76 81 78 65 59 14 100 64 73 38 14
28 94 24 69 33 65 74 8 56 2 93 49 89 77 80 90 95 71 33 8 27 90 4 93 95 58 53 67 77 3 33 64 78 4 74 72 20 74 69 5 53 53 21 27 63 59 7 80 41 69
87 43 84 8 6 82 55 63 50 65 40 69 96 79 13 22 89 5 65 29 10 44 85 98 66 66 13 13 96 36 72 10 60 10 1 25 18 54 72 22 90 40 36 15 36 98 57 55 23 78
13 47 35 33 25 57 11 4 56 69 53 59 72 4 48 27 47 91 65 56 39 57 66 48 5 11 75 19 83 77 17 50 59 69 51 57 80 58 22 52 35 59 89 76 63 14 54 45 94 84
28 3 1 42 43 3 86 78 52 53 33 83 80 90 38 46 43 70 57 31 24 37 82 64 41 6 83 74 16 7 64 23 3 42 26 18 1 56 99 3 88 4 25 52 75 16 3 2 89 40
77 28 84 79 48 64 70 4 60 75 80 64 90 6 88 71 18 64 62 15 26 63 70 66 97 25 63 86 12 90 98 75 7 82 10 82 65 42 89 69 83 17 56 65 3 34 46 38 59 51
60 21 70 90 27 50 27 39 62 46 68 67 25 7 97 38 15 37 84 62 8 6 40 70 15 96 32 27 52 38 37 77 79 26 21 98 31 37 39 55 19 67 13 12 41 60 34 19 55 59
68 83 94 59 55 95 14 20 61 66 67 92 29 53 9 60 68 62 15 25 81 36 90 61 65 88 71 92 22 14 77 82 92 63 48 76 100 18 25 6 99 28 6 21 6 54 76 5 25 11
50 83 32 73 14 48 20 86 84 41 36 67 2 23 66 27 27 87 31 13 37 18 17 15 47 61 4 66 21 44 67 67 37 42 46 59 87 86 69 35 33 92 45 83 83 91 15 80 27 4
87 25 10 25 35 20 13 54 64 28 68 21 90 62 29 78 86 31 100 79 52 32 53 93 25 60 5 31 59 43 42 39 72 37 70 48 69 60 100 45 77 77 51 10 10 86 78 51 77 31
10 84 29 53 22 95 63 18 46 5 82 37 84 19 25 12 13 88 32 60 57 26 12 10 61 58 32 59 29 45 91 81 21 37 78 67 71 46 52 13 53 3 8 29 70 56 89 57 39 3
9 71 62 4 70 47 31 65 63 67 42 86 35 84 46 84 49 51 31 71 66 72 58 18 92 51 85 12 25 84 30 48 83 85 76 87 48 85 16 55 80 72 57 42 67 1 5 72 99 59
17 72 97 70 82 9 94 59 14 27 87 7 59 51 73 99 88 30 37 76 21 36 34 92 27 61 33 7 48 73 2 92 82 17 17 97 58 64 51 64 28 57 73 73 53 28 29 12 100 59
12 73 92 71 85 74 60 31 56 93 88 94 13 65 74 75 5 56 80 27 20 10 53 23 89 23 51 2 2 69 34 24 15 35 92 31 60 14 34 40 84 94 89 53 37 7 41 1 76 47
90 80 8 16 32 84 21 35 6 63 21 58 36 86 40 28 38 33 71 99 40 93 99 91 23 78 29 10 9 68 23 43 77 93 40 22 80 75 93 26 13 31 59 65 95 74 52 34 8 41
50 63 23 78 55 67 38 77 60 60 92 56 52 6 32 99 19 74 5 72 79 22 38 41 40 31 82 34 59 100 97 95 27 46 73 84 22 66 25 55 12 81 43 34 52 59 87 32 89 29
91 78 90 58 3 76 91 86 30 30 65 8 90 37 32 46 19 61 100 7 27 9 18 59 2 72 96 36 53 75 54 55 36 26 18 53 55 71 37 96 71 54 77 84 72 96 28 31 25 20
43 37 73 13 7 64 71 71 35 28 52 50 11 61 70 8 13 79 96 9 95 8 21 28 97 88 61 56 82 17 41 26 19 26 63 86 84 94 62 72 19 44 73 99 44 25 4 81 93 28
4 46 93 36 6 39 39 91 16 71 28 93 84 52 89 81 6 80 65 42 95 69 30 97 89 11 75 31 10 34 73 75 59 27 86 40 8 23 22 86 42 1 55 9 5 2 61 60 62 12
100 75 42 79 62 26 35 72 2 72 12 58 76 87 44 87 65 88 64 87 43 40 9 39 81 6 49 7 81 39 58 4 69 72 24 74 35 40 62 30 14 87 34 70 58 95 24 97 91 53
58 85 84 35 88 12 64 6 69 31 17 45 53 90 8 66 82 100 24 93 76 15 47 69 100 35 96 80 27 98 35 5 87 78 4 10 57 51 39 24 13 46 67 25 13 90 42 85 49 29
60 3 24 26 63 96 100 36 99 39 27 91 76 60 54 72 61 6 43 55 79 13 75 56 12 73 88 36 52 48 55 12 72 45 79 14 99 51 13 61 15 75 39 99 57 23 4 18 51 92
16 93 25 67 26 4 54 80 75 100 36 8 23 76 28 29 16 67 95 13 25 57 75 29 76 9 5 58 86 74 48 81 21 48 40 24 12 34 72 8 19 92 99 87 87 11 18 100 54 2
87 48 66 73 39 24 39 96 3 32 35 27 9 80 94 41 30 28 96 17 52 76 7 77 46 98 86 96 64 76 91 100 97 87 78 100 30 91 9 1 60 17 73 98 28 30 92 27 89 18
94 48 16 4 20 89 49 19 79 76 95 95 99 62 12 12 70 16 92 31 100 27 70 85 48 77 3 83 14 43 32 83 70 34 36 45 53 20 37 79 95 61 65 92 37 85 43 1 78 91
42 66 8 5 97 19 68 9 68 98 21 62 84 45 12 97 89 53 66 88 98 31 64 41 48 3 24 80 97 19 45 55 93 10 28 61 74 57 40 99 55 82 73 39 12 98 36 43 57 6
31 24 38 95 36 83 95 96 10 57 3 68 21 58 45 75 91 56 35 58 79 59 63 86 93 22 1 37 18 95 61 70 11 31 45 98 35 83 14 74 1 81 63 75 87 27 80 15 23 34
65 51 31 19 28 33 50 94 54 46 95 84 28 69 34 55 52 84 12 97 50 65 93 22 73 25 8 25 90 66 21 29 16 65 22 89 99 34 84 74 84 99 54 41 38 85 99 57 19 61
52 51 35 4 64 75 20 34 60 57 30 14 97 9 66 46 58 34 25 68 16 11 9 42 74 14 100 40 51 97 53 28 52 10 83 20 40 3 95 77 87 58 82 89 8 76 84 50 70 21
17 25 23 61 63 56 49 20 98 11 94 49 71 89 32 59 31 43 14 92 12 26 19 36 95 91 86 29 78 75 5 33 76 53 28 74 35 28 67 24 89 12 89 3 6 51 28 49 10 28
51 77 50 55 57 72 88 22 11 98 21 80 62 6 65 92 61 37 47 66 76 3 92 68 55 16 21 87 5 88 30 20 9 80 53 83 75 3 58 82 68 74 53 71 99 35 66 69 19 34
62 98 73 17 16 100 24 48 83 63 39 22 1 22 15 27 93 91 18 56 42 42 55 94 37 98 84 5 87 46 6 19 35 43 66 41 29 47 52 81 20 2 8 52 45 88 66 51 43 45
79 17 8 74 88 8 8 47 38 82 22 14 57 49 81 19 24 14 3 97 18 31 82 88 17 58 81 73 22 91 15 3 59 6 96 15 98 10 91 32 32 26 26 84 47 65 19 9 25 28
14 100 38 4 21 43 42 49 30 28 25 12 6 74 83 87 82 22 86 22 6 97 95 6 89 5 64 50 77 32 12 47 92 40 13 87 6 84 75 23 37 17 62 62 89 38 77 87 48 40
39 2 82 10 44 45 80 48 57 94 64 15 37 30 7 24 9 65 65 5 9 29 74 6 86 23 9 28 63 6 38 71 10 94 95 53 52 39 50 61 65 5 53 67 86 51 64 77 34 44
37 96 41 49 58 38 60 25 28 47 57 85 97 17 10 50 53 58 56 4 23 3 52 32 25 82 15 28 71 83 60 13 63 51 35 53 70 50 40 34 98 56 43 65 8 8 39 3 67 43
29 13 85 91 99 93 33 50 79 60 86 25 38 5 97 52 51 85 29 16 92 48 98 13 54 59 65 15 12 46 17 11 59 60 26 90 86 30 46 78 37 85 21 28 26 38 100 33 45 75
58 82 41 1 90 85 12 66 20 82 97 38 93 5 42 92 98 10 67 43 10 25 74 42 1 55 49 46 8 23 11 93 30 78 37 98 71 100 11 93 22 44 100 70 14 69 65 9 47 30
81 81 100 45 88 33 32 65 26 25 19 62 26 71 76 68 86 51 55 72 55 100 2 44 86 33 6 5 64 24 78 86 93 68 6 15 38 17 62 61 29 26 26 17 99 95 69 52 71 90
94 7 66 5 71 37 10 67 55 51 75 7 87 10 48 19 50 37 26 45 53 34 2 87 4 35 71 50 8 68 25 16 43 35 58 15 4 39 12 36 88 70 20 28 35 36 52 44 96 48
57 5 3 9 32 16 41 75 69 38 2 71 36 65 69 59 34 51 79 71 74 43 92 11 78 11 86 43 39 76 24 54 86 90 13 41 1 25 69 35 38 48 21 58 90 92 60 13 51 20
87 24 25 27 34 16 73 20 42 96 2 71 49 36 97 29 7 45 5 44 52 30 96 75 51 11 38 31 8 20 41 55 44 1 19 39 85 89 42 38 18 7 94 78 40 56 42 40 44 23
64 75 69 51 49 43 16 28 92 93 10 61 37 96 69 17 29 62 18 56 74 43 76 15 47 85 40 95 85 99 37 71 56 54 58 92 24 75 71 40 34 43 30 66 32 91 77 34 72 32
60 86 93 35 28 57 95 19 86 99 51 60 21 62 73 34 83 87 43 8 90 76 98 43 13 13 60 69 58 62 19 7 38 47 45 21 18 71 59 9 63 37 34 31 76 51 72 79 92 18
5 75 70 83 100 7 9 6 40 38 79 18 24 13 64 17 92 99 70 51 92 74 73 62 50 62 2 99 43 43 16 17 94 68 50 62 24 63 28 35 12 55 90 40 96 89 99 74 48 61
47 40 84 39 88 86 17 75 9 19 97 42 5 32 71 62 73 80 42 16 63 76 69 100 76 47 30 33 34 56 84 45 70 95 64 15 17 58 82 84 29 53 35 23 99 79 85 25 90 44
93 1 88 86 22 28 25 36 65 71 13 25 84 84 24 68 36 98 23 10 47 13 64 98 29 26 69 23 61 73 45 66 39 76 81 96 55 7 67 66 59 51 24 38 27 86 72 5 91 45
22 80 83 89 92 82 98 57 80 84 75 57 89 77 65 91 14 49 24 61 78 21 35 7 17 6 53 29 24 63 29 73 85 57 22 10 78 86 12 59 99 40 33 64 64 35 73 29 39 56
2519 2473 2561 2671 2449 2480 2123 2816 2255 2633 2388 2588 2230 2798 2636 2474 2529 2712 2604 2527 2410 2718 2602 2597 2382 2858 2765 2665 2636 2768 2439 2332 2710 2397 2176 2425 2264 2279 2609 2547 2679 2079 2364 2136 2783 2649 2681 2784 2579 2745
0.9999999999999858 0.9999999999999787 1.0 1.000000000000007 1.000000000000023 0.9999999999999698 0.99999999999998 0.9999999999999698 1.0000000000000009 1.0000000000000027 1.0000000000000164 1.0000000000000462 1.0000000000000058 1.0000000000000213 0.9999999999999787 0.9999999999999982 1.0 0.9999999999999725 1.0000000000000104 0.9999999999999748 0.9999999999999929 1.0000000000000164 0.9999999999999829 1.0000000000000164 0.9999999999999991 1.0000000000000182 1.0000000000000264 0.9999999999999776 1.0 1.0000000000000044 0.9999999999999907 1.0000000000000049 0.9999999999999789 0.9999999999999827 0.9999999999999778 0.9999999999999977 1.0000000000000138 1.0000000000000024 0.9999999999999987 1.000000000000019 0.9999999999999901 1.0000000000000067 0.9999999999999718 1.0000000000000286 1.0000000000000226 1.0000000000000004 1.0000000000000426 1.000000000000035 1.0 0.9999999999999595
4.618527782440651e-14
3409.3934179527428