50
8 32 67 36 55 14 6 51 4 36 12 34 84 55 31 72 84 85 31 78 3 34 71 45 90 6 63 9 42 58 9 18 53 59 38 17 29 34 92 83 86 45 58 8 90 65 31 6 100 85
63 50 56 75 37 69 34 95 6 19 80 30 35 74 61 36 91 6 86 96 85 26 8 82 39 9 6 71 48 15 99 40 84 16 45 16 41 2 45 78 63 41 40 41 79 35 94 52 37 37
35 64 56 28 87 81 65 38 47 44 1 48 46 60 13 42 93 66 32 15 23 3 9 11 84 18 95 27 35 5 78 82 87 75 74 74 42 61 72 91 28 87 74 21 90 1 96 30 91 96
91 62 58 61 60 83 86 64 52 28 16 51 89 43 7 100 12 11 31 38 8 92 51 83 31 77 12 24 51 6 56 67 95 65 32 68 68 28 74 40 38 2 32 98 63 31 5 86 89 53
33 2 76 15 14 28 56 23 4 5 46 93 13 33 83 50 87 79 92 37 26 20 48 8 39 84 53 88 92 100 45 7 63 88 99 64 40 96 43 69 52 97 96 97 54 73 25 86 35 50
45 81 71 39 6 62 100 6 70 7 88 55 60 5 91 23 54 36 72 64 65 40 53 85 74 56 66 12 23 19 44 99 8 38 45 84 85 75 27 59 94 39 49 62 77 82 9 40 68 71
83 76 29 28 90 95 86 43 66 90 45 80 26 98 69 86 9 82 10 73 7 34 59 44 35 89 76 78 91 20 46 58 69 49 38 82 88 17 78 59 18 72 76 8 39 29 65 13 77 79
27 52 60 67 51 16 26 71 46 5 90 47 48 54 25 42 8 78 70 58 23 89 21 85 43 12 75 63 55 29 10 36 65 87 22 12 82 40 12 26 64 52 10 43 20 97 36 19 37 31
74 75 32 71 37 87 18 36 59 65 61 59 92 60 22 12 29 31 26 43 82 48 45 14 41 59 46 92 38 71 5 35 21 75 75 32 70 74 51 59 93 41 37 44 90 89 35 85 87 54
57 2 94 42 76 88 26 58 29 1 51 11 62 83 42 71 22 5 39 83 14 53 30 45 12 5 2 42 49 68 19 3 70 22 73 8 93 18 41 37 78 97 35 53 71 92 99 71 55 69
48 92 42 20 63 52 35 74 67 37 21 19 62 16 68 51 4 89 58 66 21 57 46 6 20 51 92 95 43 18 55 53 32 30 16 60 7 38 36 27 93 90 85 15 42 10 25 33 13 80
89 97 12 47 27 31 51 46 2 26 31 14 29 38 66 23 52 82 27 22 33 64 14 1 2 4 53 3 83 98 25 3 47 84 79 17 96 99 13 24 100 28 55 68 95 60 29 57 25 100
67 75 23 56 39 38 53 14 63 67 64 17 59 96 25 13 43 27 81 66 95 52 65 58 14 13 36 30 45 74 34 55 75 63 92 74 89 71 8 12 96 62 17 16 93 16 57 62 34 66
8 35 98 83 64 65 58 12 49 45 37 67 86 47 1 58 25 46 47 25 26 20 23 25 6 8 40 50 1 89 22 67 74 48 28 95 9 65 99 25 91 34 28 74 7 16 21 61 74 99
13 31 72 3 39 42 5 65 10 2 80 99 67 33 14 96 97 36 4 97 2 69 6 11 97 28 30 62 57 48 45 29 99 24 10 49 1 19 95 51 56 11 9 29 17 7 39 50 55 70
40 47 88 85 17 45 94 39 57 75 39 35 46 73 72 48 59 71 87 87 12 61 12 72 21 90 70 86 85 95 62 75 100 17 25 76 20 18 17 24 70 29 59 62 35 57 52 47 50 71
20 87 55 100 61 13 68 37 75 6 75 94 65 51 56 23 57 66 68 15 46 19 37 63 68 87 29 12 21 32 17 64 67 28 43 95 55 42 59 62 4 36 53 94 22 20 72 75 80 77
51 47 11 41 43 25 39 57 59 83 44 84 15 51 40 34 90 34 46 77 13 48 9 70 72 78 26 21 60 64 6 91 86 59 21 36 93 76 43 37 59 89 8 76 21 60 76 86 74 4
30 26 84 92 52 25 71 25 59 9 35 45 74 27 28 83 4 37 64 40 83 91 28 41 5 17 40 49 45 57 52 34 8 54 52 62 93 96 67 67 63 63 1 97 56 21 54 38 51 96
61 86 66 62 75 61 79 27 82 72 21 65 35 44 38 43 93 51 79 30 98 64 48 70 35 2 17 26 67 56 58 18 44 87 100 35 57 35 27 10 72 66 37 21 62 99 60 98 60 28
22 87 24 70 71 71 90 84 15 22 78 37 42 7 24 99 34 86 11 92 53 26 67 56 26 28 8 19 56 25 63 2 79 99 100 35 83 69 95 14 71 90 18 12 80 56 55 98 36 1
15 42 21 92 82 21 67 77 7 69 19 87 48 14 29 5 88 67 11 37 35 57 19 84 77 25 47 54 50 39 57 88 76 91 71 62 12 37 8 98 7 77 39 50 93 53 25 75 97 80
76 73 9 31 6 43 11 25 58 100 93 59 72 22 83 55 5 70 34 10 99 49 76 99 8 15 79 30 15 48 3 28 80 38 24 27 71 34 24 40 66 71 10 4 4 31 86 18 91 45
32 53 100 59 51 84 78 18 33 53 73 5 53 5 10 82 32 2 58 32 44 74 56 97 37 94 12 93 88 4 69 40 3 65 34 19 95 72 78 53 27 97 6 2 1 61 86 29 40 23
79 38 63 51 78 99 29 65 27 76 73 16 8 65 47 57 90 89 36 97 36 1 29 39 35 85 51 76 43 45 71 57 69 66 51 2 13 76 81 34 12 8 28 16 89 51 68 73 84 63
16 38 83 53 27 100 6 11 60 87 40 83 14 86 93 51 52 91 42 31 28 71 88 80 79 31 56 89 88 36 25 88 73 93 29 25 59 89 89 66 15 92 13 45 19 69 69 47 77 97
83 24 6 50 58 77 31 74 76 24 31 75 19 85 18 52 17 14 84 87 61 64 95 91 9 37 65 71 30 37 68 82 72 79 21 47 25 12 25 9 3 13 40 88 35 41 77 42 87 66
76 84 93 86 14 28 88 61 62 10 81 5 36 59 91 61 92 27 40 50 28 53 62 92 79 86 43 43 49 98 13 81 49 89 57 24 78 29 61 94 65 79 26 27 30 17 44 62 86 96
24 86 94 28 73 38 53 72 42 26 21 10 64 43 75 16 96 65 97 98 50 84 73 15 37 70 19 85 91 69 58 80 28 12 12 73 98 74 27 100 23 26 56 55 72 93 66 32 4 84
12 33 49 37 37 99 34 41 56 80 47 51 30 18 7 13 10 61 36 63 8 16 71 48 5 6 82 9 10 13 69 73 51 66 44 28 61 65 4 58 48 81 65 32 23 14 9 60 55 6
30 23 95 57 7 84 28 33 73 92 39 60 35 30 58 62 75 13 76 40 3 52 92 64 93 28 79 72 59 65 35 13 92 75 61 91 32 82 4 89 98 26 100 67 9 14 53 10 42 64
81 76 96 77 48 42 17 34 16 41 2 10 52 77 83 15 61 68 22 26 25 13 80 57 28 41 52 74 46 81 96 42 60 95 46 93 35 86 20 60 59 89 71 97 53 20 14 80 33 71
3 91 58 48 99 88 36 97 58 18 10 86 23 57 26 31 34 97 30 28 15 92 28 6 77 49 33 74 45 37 98 60 66 1 91 18 92 75 43 49 3 37 94 60 52 7 31 86 24 100
3 3 26 13 34 70 98 3 81 43 83 26 55 27 62 3 32 41 29 25 100 27 5 57 13 27 38 64 88 75 62 72 82 5 68 6 61 57 87 81 39 64 35 70 84 4 22 48 82 40
95 48 68 80 8 25 19 85 8 95 62 35 16 6 77 55 36 79 26 77 41 90 87 64 29 16 99 54 31 76 86 100 14 24 98 58 85 52 20 84 62 73 73 77 97 43 33 99 33 5
27 78 95 99 5 86 59 43 94 72 53 7 25 50 15 90 87 8 81 50 32 45 34 86 90 70 94 44 14 87 17 43 20 43 60 51 35 82 91 28 99 24 80 89 57 71 10 8 88 94
99 47 58 92 73 54 74 94 87 88 55 90 53 47 3 5 51 66 84 89 45 87 44 6 15 96 30 53 58 84 93 24 48 53 39 19 57 42 96 43 92 56 46 5 72 10 92 53 60 42
89 76 13 96 37 46 76 21 9 75 30 98 22 86 63 69 37 66 98 52 90 82 3 85 16 25 2 13 75 100 95 78 32 9 73 19 35 23 44 57 6 66 46 90 81 64 42 96 93 40
84 43 48 18 71 89 65 19 11 98 97 61 13 85 97 52 4 86 61 63 18 84 22 71 4 68 60 85 84 18 32 70 17 72 58 90 89 64 99 58 68 38 49 41 21 55 12 33 30 75
1 95 34 64 10 21 59 84 4 17 63 73 31 100 60 90 73 80 80 12 33 13 50 40 30 37 8 23 34 6 90 14 34 43 75 100 7 57 8 32 72 58 93 25 3 28 3 77 51 88
70 65 84 65 33 59 38 24 14 24 51 23 61 11 1 68 73 44 24 6 84 37 22 25 5 99 15 54 70 69 21 54 3 39 13 18 77 39 11 5 5 45 27 74 22 64 65 37 80 92
49 10 83 60 65 22 46 96 54 9 46 40 95 3 79 70 19 52 88 28 68 23 93 90 49 59 29 43 6 94 71 87 34 10 34 78 88 66 66 62 20 17 12 33 2 25 36 70 11 48
31 19 9 43 20 78 81 49 7 47 24 78 19 97 5 3 18 6 99 68 79 87 31 1 73 28 80 67 61 4 85 35 78 53 63 43 95 7 66 50 42 28 77 97 23 62 69 56 29 50
94 10 42 70 79 61 24 76 63 40 65 38 24 88 73 24 21 22 18 65 73 100 94 20 75 66 62 71 35 91 67 55 30 85 30 13 98 75 5 15 28 22 78 74 12 22 87 33 91 7
74 84 25 3 10 50 41 11 7 18 19 5 58 29 98 76 29 1 53 25 22 34 70 75 77 53 38 69 56 22 16 27 63 34 43 75 86 54 40 6 56 17 50 95 100 89 12 9 59 21
87 81 55 51 86 51 19 18 76 67 23 20 80 92 6 82 100 24 99 99 71 17 65 28 89 39 16 55 10 32 61 41 39 43 12 8 50 76 77 98 38 73 94 81 9 19 23 27 4 40
25 56 60 89 58 69 57 51 38 85 96 92 85 20 84 9 9 36 87 93 28 49 82 90 86 90 30 7 29 44 100 80 8 25 96 69 29 17 98 97 86 6 93 18 32 42 38 13 86 38
25 9 7 87 76 93 4 84 48 92 64 10 75 52 82 53 84 48 26 84 4 81 69 53 9 17 92 21 11 60 47 15 80 47 4 42 98 90 6 35 64 60 40 92 15 55 82 36 100 21
38 25 83 57 10 89 63 83 72 78 88 59 76 54 32 100 19 42 22 89 72 50 78 98 79 69 25 24 17 17 81 70 17 67 39 75 35 55 65 82 61 37 55 10 33 20 81 64 53 77
77 69 79 59 44 67 32 10 34 39 24 13 55 82 40 22 19 1 24 8 15 1 38 69 95 25 31 52 69 5 48 94 55 9 29 11 4 69 15 51 23 62 61 65 16 53 59 69 28 39
2302 2473 2621 2568 2706 2683 2857 2237 2677 2366 2273 2271 2560 2281 2080 2774 2571 2533 2491 2727 2586 2581 2248 2412 2635 2889 2477 2884 2787 1994 2674 2661 2561 2320 2803 2810 2869 2739 2750 2283 2109 2438 2420 2611 2184 2551 2805 2549 2785 2058
1.000000000000007 0.9999999999999964 1.000000000000007 1.0000000000000018 0.9999999999999947 1.0000000000000053 1.0000000000000036 1.0000000000000053 0.9999999999999964 0.9999999999999982 0.9999999999999934 1.0000000000000002 1.000000000000007 1.0000000000000018 1.0000000000000009 0.9999999999999925 1.0000000000000036 1.000000000000003 1.0000000000000004 1.0000000000000089 1.000000000000004 1.0000000000000013 0.9999999999999973 1.0000000000000018 1.0000000000000009 0.9999999999999954 1.0000000000000024 0.9999999999999991 1.0000000000000022 0.9999999999999951 0.9999999999999946 0.9999999999999962 0.9999999999999973 0.9999999999999933 1.0000000000000053 1.0000000000000038 0.9999999999999993 1.0000000000000053 1.0000000000000027 0.9999999999999925 0.9999999999999929 1.0000000000000033 0.9999999999999976 0.9999999999999984 0.9999999999999958 0.9999999999999971 0.9999999999999934 0.9999999999999971 1.000000000000004 0.9999999999999986
8.881784197001252e-15
1350.159449918113