20
0 0 0 17 0 0 0 0 0 0 0 0 0 0 0 0 0 0 0 17
0 0 26 0 0 0 0 6 0 0 0 0 13 0 0 30 0 0 0 0
0 0 0 0 0 8 0 0 0 0 0 3 0 0 22 0 0 0 0 0
0 0 0 0 0 0 0 0 0 0 0 0 0 0 0 0 0 21 23 33
0 13 0 0 0 0 0 0 31 0 7 0 0 0 0 35 0 0 0 0
0 25 0 31 40 0 0 0 0 3 0 0 0 0 0 0 0 0 0 0
0 0 0 0 38 0 15 0 11 0 0 0 0 0 0 0 0 0 0 0
0 0 0 0 0 27 0 0 15 0 0 0 0 5 19 0 0 0 0 0
0 0 0 0 0 39 0 0 0 0 0 0 0 0 0 0 0 0 0 0
29 0 0 0 0 0 32 0 0 0 0 0 0 0 0 0 0 0 0 0
0 0 12 0 0 21 0 23 0 10 0 0 0 0 0 0 0 0 4 0
0 0 0 0 0 0 0 0 0 0 0 24 0 0 0 0 0 0 0 9
0 0 0 0 39 0 14 0 0 0 0 0 0 0 35 0 0 0 0 0
0 0 0 0 0 0 0 33 0 0 20 0 0 0 11 0 19 0 0 0
0 36 0 0 0 0 0 18 0 0 0 0 0 0 0 0 0 0 7 0
0 0 0 0 0 0 0 0 0 0 0 0 0 0 37 0 0 0 0 0
0 0 5 0 0 34 0 0 0 0 0 0 0 0 0 0 0 0 0 0
0 0 0 0 0 0 0 0 29 28 0 0 0 16 0 0 0 0 0 0
0 27 0 0 0 0 0 0 0 0 0 0 0 0 0 0 0 0 0 0
25 9 0 0 0 0 0 0 0 0 37 0 0 2 0 0 0 0 0 0
34 75 33 77 86 99 64 66 39 61 70 33 88 83 61 37 39 73 27 73
0.9999999999999993 1.0 1.0000000000000002 1.0000000000000004 0.9999999999999998 1.0 1.0000000000000007 0.9999999999999996 1.0 1.0 1.0000000000000004 1.0 1.0000000000000004 0.9999999999999996 1.0 0.9999999999999999 1.0000000000000002 0.9999999999999987 1.0000000000000009 1.0
1.3322676295501878e-15
551.2381898102715