20
0 0 0 0 27 13 0 0 0 0 0 0 25 0 0 0 13 0 0 0
0 0 0 0 0 31 0 3 0 0 0 0 0 0 0 0 0 0 0 0
0 0 0 21 0 0 0 0 0 0 0 0 0 0 33 0 0 0 40 0
0 0 0 0 0 18 0 0 34 0 16 0 0 3 0 29 0 0 0 0
0 0 0 0 0 0 0 0 0 0 0 0 0 0 26 0 12 0 0 0
0 0 0 33 0 5 0 37 0 0 0 0 11 0 0 0 0 0 0 0
4 0 0 0 21 27 0 0 0 0 9 0 0 0 0 0 0 0 0 0
35 0 0 0 0 0 25 0 0 0 6 0 0 0 0 0 0 0 0 39
0 0 0 0 0 0 0 0 28 0 0 0 0 0 0 0 0 0 0 0
0 31 0 0 0 0 0 0 0 0 0 0 35 0 0 0 7 0 0 0
17 0 0 0 0 0 0 0 0 0 0 0 32 23 0 0 0 0 0 0
0 0 0 0 0 0 0 0 0 2 0 0 0 0 0 0 0 0 17 0
0 0 0 0 0 15 0 39 0 0 0 0 0 0 0 0 0 0 0 38
0 0 19 0 0 0 0 0 0 0 0 37 0 0 0 0 0 0 30 0
0 0 0 8 0 0 0 0 0 0 0 0 0 0 0 0 0 0 0 0
0 0 0 0 0 0 0 0 19 0 0 0 0 0 0 15 0 7 0 0
0 0 0 0 0 0 20 0 0 0 0 0 0 0 0 0 0 0 0 0
29 0 0 0 0 0 0 0 0 24 0 0 0 0 0 0 0 0 0 0
36 0 0 0 0 0 0 0 0 0 0 0 0 0 0 0 0 0 0 0
14 0 0 22 0 0 23 0 11 0 0 9 0 0 10 0 0 5 0 0
78 34 94 100 38 86 61 105 28 73 72 19 92 86 8 41 20 53 36 94
1.0 1.000000000000001 1.0000000000000009 1.0000000000000004 1.0000000000000004 0.9999999999999999 1.0000000000000002 1.0000000000000002 1.0 1.0 0.9999999999999991 0.9999999999999996 0.9999999999999986 1.000000000000002 0.9999999999999996 0.9999999999999999 1.0000000000000018 1.0 1.0 0.9999999999999999
1.9984014443252818e-15
165.04660910587504